#Delay (ns)	3-1-2	3-1	3-2
-40.437158	0.00000	0.00000	0.09851
-40.356203	0.00000	0.00000	0.04644
-40.275248	0.00000	0.00000	0.09591
-40.194293	0.00000	0.00000	0.04330
-40.113337	0.00000	0.00000	0.09710
-40.032382	0.00000	0.00000	0.04465
-39.951427	0.00000	0.00000	0.09608
-39.870472	0.00000	0.00000	0.04348
-39.789516	0.00000	0.00000	0.09664
-39.708561	0.00000	0.00000	0.04377
-39.627606	0.00000	0.00000	0.09708
-39.546650	0.00000	0.00000	0.04227
-39.465695	0.00000	0.00000	0.09771
-39.384740	0.00000	0.00000	0.04228
-39.303785	0.00000	0.00000	0.10282
-39.222829	0.00000	0.00000	0.04321
-39.141874	0.00000	0.00000	0.09766
-39.060919	0.00000	0.00000	0.04288
-38.979964	0.00000	0.00000	0.09909
-38.899008	0.00000	0.00000	0.04547
-38.818053	0.00000	0.00000	0.09738
-38.737098	0.00000	0.00000	0.04432
-38.656142	0.00000	0.00000	0.09835
-38.575187	0.00000	0.00000	0.04449
-38.494232	0.00000	0.00000	0.09662
-38.413277	0.00000	0.00000	0.04666
-38.332321	0.00000	0.00000	0.09838
-38.251366	0.00000	0.00000	0.04564
-38.170411	0.00000	0.00000	0.09613
-38.089456	0.00000	0.00000	0.04535
-38.008500	0.00000	0.00000	0.09705
-37.927545	0.00000	1.48991E-5	0.04583
-37.846590	0.00000	0.03582	0.09594
-37.765634	0.00000	0.07371	0.04525
-37.684679	0.00000	0.03667	0.10045
-37.603724	0.00000	0.07664	0.04652
-37.522769	0.00000	0.04015	0.09605
-37.441813	0.00000	0.09027	0.04684
-37.360858	0.00000	0.05201	0.09874
-37.279903	0.00000	0.11097	0.04522
-37.198948	0.00000	0.05569	0.09786
-37.117992	0.00000	0.11968	0.04465
-37.037037	0.00000	0.05639	0.09811
-36.956082	0.00000	0.13531	0.04467
-36.875126	0.00000	0.06292	0.09726
-36.794171	0.00000	0.12924	0.04349
-36.713216	0.00000	0.06025	0.09601
-36.632261	0.00000	0.11927	0.04474
-36.551305	0.00000	0.05857	0.09833
-36.470350	0.00000	0.10771	0.04455
-36.389395	0.00000	0.04921	0.10215
-36.308440	0.00000	0.08825	0.04532
-36.227484	0.00000	0.03913	0.10172
-36.146529	0.00000	0.07666	0.04213
-36.065574	0.00000	0.03604	0.09859
-35.984618	0.00000	0.07445	0.04450
-35.903663	0.00000	0.03404	0.09768
-35.822708	0.00000	0.07676	0.04708
-35.741753	0.00000	0.03300	0.09597
-35.660797	0.00000	0.07521	0.04592
-35.579842	0.00000	0.03413	0.09613
-35.498887	0.00000	0.07257	0.04654
-35.417932	0.00000	0.03218	0.09385
-35.336976	0.00000	0.07134	0.04908
-35.256021	0.00000	0.03019	0.09410
-35.175066	0.00000	0.05790	0.04649
-35.094111	0.00000	0.02387	0.09433
-35.013155	0.00000	0.04468	0.04406
-34.932200	0.00000	0.01816	0.09784
-34.851245	0.00000	0.04038	0.04435
-34.770289	0.00000	0.01767	0.09386
-34.689334	0.00000	0.03962	0.04553
-34.608379	0.00000	0.01925	0.09532
-34.527424	0.00000	0.04462	0.04781
-34.446468	0.00000	0.02195	0.09017
-34.365513	0.00000	0.05307	0.04781
-34.284558	0.00000	0.02654	0.09507
-34.203603	0.00000	0.06296	0.04632
-34.122647	0.00000	0.03063	0.09781
-34.041692	0.00000	0.06903	0.04631
-33.960737	0.00000	0.03382	0.09939
-33.879781	0.00000	0.07584	0.04476
-33.798826	0.00000	0.03831	0.09950
-33.717871	0.00000	0.08604	0.04334
-33.636916	0.00000	0.04526	0.09602
-33.555960	0.00000	0.10067	0.04507
-33.475005	0.00000	0.04771	0.09920
-33.394050	0.00000	0.10982	0.04459
-33.313095	0.00000	0.05082	0.09829
-33.232139	0.00000	0.11013	0.04383
-33.151184	0.00000	0.05084	0.09604
-33.070229	0.00000	0.10902	0.04345
-32.989273	0.00000	0.04975	0.09766
-32.908318	0.00000	0.10565	0.04543
-32.827363	0.00000	0.04608	0.09830
-32.746408	0.00000	0.10257	0.04650
-32.665452	0.00000	0.04351	0.09723
-32.584497	0.00000	0.10292	0.04674
-32.503542	0.00000	0.04441	0.09772
-32.422587	0.00000	0.09786	0.04571
-32.341631	0.00000	0.04070	0.09981
-32.260676	0.00000	0.09757	0.04550
-32.179721	0.00000	0.04166	0.09808
-32.098765	0.00000	0.09604	0.04601
-32.017810	0.00000	0.04066	0.09751
-31.936855	0.00000	0.09263	0.04513
-31.855900	0.00000	0.04038	0.09976
-31.774944	0.00000	0.09178	0.04576
-31.693989	0.00000	0.04139	0.09920
-31.613034	0.00000	0.08838	0.04291
-31.532079	0.00000	0.04027	0.10002
-31.451123	0.00000	0.08893	0.04450
-31.370168	0.00000	0.04026	0.09674
-31.289213	0.00000	0.08792	0.04473
-31.208257	0.00000	0.04185	0.09683
-31.127302	0.00000	0.08804	0.04494
-31.046347	0.00000	0.04026	0.09631
-30.965392	0.00000	0.08567	0.04498
-30.884436	0.00000	0.03988	0.10327
-30.803481	0.00000	0.08406	0.04278
-30.722526	0.00000	0.04126	0.09944
-30.641571	0.00000	0.08816	0.04364
-30.560615	0.00000	0.03905	0.10398
-30.479660	0.00000	0.08554	0.04367
-30.398705	0.00000	0.04164	0.09914
-30.317749	0.00000	0.08494	0.04410
-30.236794	0.00000	0.04066	0.09953
-30.155839	0.00000	0.08905	0.04437
-30.074884	0.00000	0.04067	0.09754
-29.993928	0.00000	0.08761	0.04415
-29.912973	0.00000	0.04051	0.10200
-29.832018	0.00000	0.08561	0.04520
-29.751063	0.00000	0.04024	0.09996
-29.670107	0.00000	0.08646	0.04602
-29.589152	0.00000	0.04011	0.09783
-29.508197	0.00000	0.08892	0.04520
-29.427241	0.00000	0.04135	0.09744
-29.346286	0.00000	0.08862	0.04581
-29.265331	0.00000	0.04008	0.09485
-29.184376	0.00000	0.08807	0.04513
-29.103420	0.00000	0.04005	0.09944
-29.022465	0.00000	0.08731	0.04619
-28.941510	0.00000	0.03977	0.09714
-28.860555	0.00000	0.08780	0.04699
-28.779599	0.00000	0.03872	0.09914
-28.698644	0.00000	0.08837	0.04732
-28.617689	0.00000	0.04035	0.09857
-28.536733	0.00000	0.08929	0.04714
-28.455778	0.00000	0.03671	0.10057
-28.374823	0.00000	0.08923	0.04896
-28.293868	0.00000	0.03981	0.10039
-28.212912	0.00000	0.09661	0.04863
-28.131957	0.00000	0.03981	0.10285
-28.051002	0.00000	0.09129	0.04768
-27.970047	0.00000	0.03997	0.10233
-27.889091	0.00000	0.09138	0.04659
-27.808136	0.00000	0.03831	0.10094
-27.727181	0.00000	0.09214	0.04683
-27.646225	0.00000	0.03986	0.10292
-27.565270	0.00000	0.09074	0.04914
-27.484315	0.00000	0.04133	0.10187
-27.403360	0.00000	0.09138	0.04784
-27.322404	0.00000	0.04024	0.10347
-27.241449	0.00000	0.09169	0.04908
-27.160494	0.00000	0.04316	0.10294
-27.079539	0.00000	0.09097	0.04730
-26.998583	0.00000	0.04118	0.10304
-26.917628	0.00000	0.09306	0.04714
-26.836673	0.00000	0.04313	0.10394
-26.755717	0.00000	0.09197	0.04705
-26.674762	0.00000	0.04218	0.10625
-26.593807	0.00000	0.09109	0.05127
-26.512852	0.00000	0.04342	0.11273
-26.431896	0.00000	0.09470	0.05003
-26.350941	0.00000	0.04491	0.11730
-26.269986	0.00000	0.09914	0.05250
-26.189031	0.00000	0.04710	0.12286
-26.108075	0.00000	0.10161	0.05169
-26.027120	0.00000	0.04987	0.12010
-25.946165	0.00000	0.10495	0.05064
-25.865209	0.00000	0.04796	0.11867
-25.784254	0.00000	0.10581	0.05212
-25.703299	0.00000	0.05017	0.11630
-25.622344	0.00000	0.10666	0.05446
-25.541388	0.00000	0.04978	0.11834
-25.460433	0.00000	0.10680	0.05642
-25.379478	0.00000	0.04993	0.12442
-25.298523	0.00000	0.11153	0.05943
-25.217567	0.00000	0.05136	0.14096
-25.136612	0.00000	0.11343	0.07004
-25.055657	0.00000	0.05604	0.16113
-24.974701	0.00000	0.12654	0.08133
-24.893746	0.00000	0.06292	0.18700
-24.812791	0.00000	0.14467	0.09254
-24.731836	0.00000	0.07065	0.20270
-24.650880	0.00000	0.15918	0.09579
-24.569925	0.00000	0.07903	0.19773
-24.488970	0.00000	0.17258	0.09205
-24.408015	0.00000	0.07971	0.17639
-24.327059	0.00000	0.17506	0.07815
-24.246104	0.00000	0.07663	0.14045
-24.165149	0.00000	0.15975	0.05839
-24.084193	0.00000	0.06562	0.10981
-24.003238	0.00000	0.13785	0.04762
-23.922283	0.00000	0.05607	0.09412
-23.841328	0.00000	0.12097	0.04209
-23.760372	0.00000	0.04722	0.08805
-23.679417	0.00000	0.10158	0.04090
-23.598462	0.00000	0.04103	0.08470
-23.517507	0.00000	0.09127	0.03944
-23.436551	0.00000	0.04003	0.08801
-23.355596	0.00000	0.08628	0.03962
-23.274641	0.00000	0.03591	0.08357
-23.193685	0.00000	0.07955	0.03936
-23.112730	0.00000	0.03567	0.08697
-23.031775	0.00000	0.07804	0.03880
-22.950820	0.00000	0.03443	0.08324
-22.869864	0.00000	0.07888	0.03936
-22.788909	0.00000	0.03489	0.08494
-22.707954	0.00000	0.07594	0.03892
-22.626999	0.00000	0.03550	0.08533
-22.546043	0.00000	0.07552	0.03902
-22.465088	0.00000	0.03433	0.08332
-22.384133	0.00000	0.07496	0.03913
-22.303177	0.00000	0.03355	0.08522
-22.222222	0.00000	0.07381	0.03987
-22.141267	0.00000	0.03494	0.08639
-22.060312	0.00000	0.07332	0.03799
-21.979356	0.00000	0.03357	0.08726
-21.898401	0.00000	0.07356	0.03716
-21.817446	0.00000	0.03555	0.09032
-21.736491	0.00000	0.07335	0.03635
-21.655535	0.00000	0.03363	0.08650
-21.574580	0.00000	0.07271	0.03747
-21.493625	0.00000	0.03497	0.08974
-21.412670	0.00000	0.07515	0.04039
-21.331714	0.00000	0.03714	0.09376
-21.250759	0.00000	0.07737	0.04473
-21.169804	0.00000	0.03860	0.10420
-21.088848	0.00000	0.08124	0.04967
-21.007893	0.00000	0.03866	0.11690
-20.926938	0.00000	0.09139	0.05623
-20.845983	0.00000	0.04200	0.13068
-20.765027	0.00000	0.10228	0.05955
-20.684072	0.00000	0.04896	0.12834
-20.603117	0.00000	0.10575	0.05602
-20.522162	0.00000	0.05087	0.11308
-20.441206	0.00000	0.10456	0.04908
-20.360251	0.00000	0.04772	0.09735
-20.279296	0.00000	0.09962	0.04416
-20.198340	0.00000	0.04331	0.08743
-20.117385	0.00000	0.09141	0.04100
-20.036430	0.00000	0.04132	0.08501
-19.955475	0.00000	0.08633	0.04035
-19.874519	0.00000	0.03783	0.08303
-19.793564	0.00000	0.08181	0.03880
-19.712609	0.00000	0.03461	0.08363
-19.631654	0.00000	0.08102	0.04026
-19.550698	0.00000	0.03361	0.08233
-19.469743	0.00000	0.07995	0.03963
-19.388788	0.00000	0.03393	0.08294
-19.307832	0.00000	0.07765	0.03953
-19.226877	0.00000	0.03309	0.08209
-19.145922	0.00000	0.07610	0.03987
-19.064967	0.00000	0.03355	0.08443
-18.984011	0.00000	0.07564	0.03953
-18.903056	0.00000	0.03366	0.08223
-18.822101	0.00000	0.07660	0.03892
-18.741146	0.00000	0.03421	0.08493
-18.660190	0.00000	0.07190	0.04002
-18.579235	0.00000	0.03325	0.08531
-18.498280	0.00000	0.07213	0.03966
-18.417324	0.00000	0.03422	0.08531
-18.336369	0.00000	0.07201	0.03991
-18.255414	0.00000	0.03409	0.08318
-18.174459	0.00000	0.07324	0.03930
-18.093503	0.00000	0.03397	0.08454
-18.012548	0.00000	0.07156	0.03789
-17.931593	0.00000	0.03320	0.08430
-17.850638	4.12550E-7	0.07312	0.03764
-17.769682	1.86313E-7	0.03464	0.08427
-17.688727	3.72625E-7	0.07453	0.03698
-17.607772	2.32891E-7	0.03418	0.08452
-17.526816	3.92587E-7	0.07168	0.03808
-17.445861	1.99621E-7	0.03491	0.08850
-17.364906	4.52474E-7	0.07216	0.03664
-17.283951	2.26237E-7	0.03413	0.08445
-17.202995	5.05706E-7	0.07359	0.03774
-17.122040	1.46389E-7	0.03384	0.08491
-17.041085	4.12550E-7	0.07372	0.03778
-16.960130	1.39735E-7	0.03407	0.08628
-16.879174	4.52474E-7	0.07149	0.03999
-16.798219	2.19583E-7	0.03410	0.08579
-16.717264	3.92587E-7	0.07390	0.03840
-16.636308	2.06275E-7	0.03424	0.08501
-16.555353	4.65782E-7	0.07394	0.03804
-16.474398	1.33080E-7	0.03370	0.08385
-16.393443	3.85933E-7	0.07259	0.03935
-16.312487	1.59697E-7	0.03282	0.08329
-16.231532	4.32512E-7	0.07333	0.03758
-16.150577	2.79469E-7	0.03375	0.08498
-16.069622	4.59128E-7	0.07366	0.04097
-15.988666	1.92967E-7	0.03457	0.08309
-15.907711	3.79279E-7	0.07141	0.04024
-15.826756	1.53043E-7	0.03299	0.08442
-15.745800	4.65782E-7	0.07457	0.03795
-15.664845	1.46389E-7	0.03290	0.08521
-15.583890	4.12550E-7	0.07432	0.03822
-15.502935	1.33080E-7	0.03291	0.08412
-15.421979	3.72625E-7	0.07444	0.04053
-15.341024	1.73005E-7	0.03282	0.08637
-15.260069	4.99052E-7	0.07281	0.03932
-15.179114	2.66161E-7	0.03145	0.08321
-15.098158	3.92587E-7	0.07740	0.04059
-15.017203	1.59697E-7	0.03250	0.08403
-14.936248	4.52474E-7	0.07345	0.04053
-14.855292	1.26426E-7	0.03266	0.08221
-14.774337	4.12550E-7	0.07569	0.03959
-14.693382	1.73005E-7	0.03248	0.08259
-14.612427	3.65971E-7	0.07181	0.03935
-14.531471	2.32891E-7	0.03425	0.08366
-14.450516	3.92587E-7	0.07259	0.03927
-14.369561	1.79659E-7	0.03334	0.08358
-14.288606	3.52663E-7	0.07272	0.03799
-14.207650	1.46389E-7	0.03413	0.08516
-14.126695	4.99052E-7	0.07372	0.04006
-14.045740	2.06275E-7	0.03333	0.08425
-13.964784	5.45630E-7	0.07283	0.03978
-13.883829	1.46389E-7	0.03398	0.08333
-13.802874	4.52474E-7	0.07174	0.03923
-13.721919	1.39735E-7	0.03333	0.08473
-13.640963	3.72625E-7	0.07548	0.03854
-13.560008	1.86313E-7	0.03419	0.08369
-13.479053	4.65782E-7	0.07296	0.03707
-13.398098	2.52853E-7	0.03562	0.08516
-13.317142	3.65971E-7	0.07307	0.03759
-13.236187	1.99621E-7	0.03536	0.08457
-13.155232	4.79090E-7	0.07333	0.03796
-13.074276	1.99621E-7	0.03404	0.08957
-12.993321	4.19204E-7	0.07096	0.03692
-12.912366	1.59697E-7	0.03546	0.08555
-12.831411	4.05896E-7	0.07502	0.03725
-12.750455	1.39735E-7	0.03559	0.08418
-12.669500	3.72625E-7	0.07164	0.03746
-12.588545	2.26237E-7	0.03501	0.08399
-12.507590	3.26047E-7	0.07359	0.03735
-12.426634	1.99621E-7	0.03422	0.08415
-12.345679	4.52474E-7	0.07213	0.03984
-12.264724	2.19583E-7	0.03318	0.08446
-12.183768	3.46009E-7	0.07360	0.03753
-12.102813	1.92967E-7	0.03400	0.08424
-12.021858	4.85744E-7	0.07283	0.03783
-11.940903	1.79659E-7	0.03266	0.08226
-11.859947	4.92398E-7	0.07321	0.03966
-11.778992	2.12929E-7	0.03369	0.08323
-11.698037	4.99052E-7	0.07292	0.03917
-11.617082	1.66351E-7	0.03245	0.08543
-11.536126	4.32512E-7	0.07418	0.03924
-11.455171	1.73005E-7	0.03364	0.08345
-11.374216	5.12360E-7	0.07588	0.03810
-11.293260	2.19583E-7	0.03178	0.08412
-11.212305	3.39355E-7	0.07257	0.03880
-11.131350	2.39545E-7	0.03327	0.08199
-11.050395	3.59317E-7	0.07330	0.03948
-10.969439	1.33080E-7	0.03124	0.08448
-10.888484	3.79279E-7	0.07472	0.04018
-10.807529	1.86313E-7	0.03235	0.08311
-10.726574	4.79090E-7	0.07682	0.03929
-10.645618	1.86313E-7	0.03121	0.08458
-10.564663	4.72436E-7	0.07391	0.03899
-10.483708	1.33080E-7	0.03193	0.08372
-10.402752	4.05896E-7	0.07117	0.04026
-10.321797	1.73005E-7	0.03266	0.08352
-10.240842	4.12550E-7	0.07447	0.03908
-10.159887	1.79659E-7	0.03275	0.08329
-10.078931	3.26047E-7	0.07178	0.03898
-9.997976	1.99621E-7	0.03320	0.08199
-9.917021	3.39355E-7	0.07211	0.03805
-9.836066	1.46389E-7	0.03331	0.08481
-9.755110	3.12739E-7	0.07168	0.03904
-9.674155	1.92967E-7	0.03370	0.08336
-9.593200	3.59317E-7	0.07299	0.03857
-9.512244	2.19583E-7	0.03448	0.08457
-9.431289	4.12550E-7	0.07339	0.03951
-9.350334	2.06275E-7	0.03412	0.08446
-9.269379	3.85933E-7	0.07250	0.03808
-9.188423	1.99621E-7	0.03270	0.08545
-9.107468	3.32701E-7	0.07096	0.03814
-9.026513	1.39735E-7	0.03342	0.08312
-8.945558	5.05706E-7	0.07174	0.03705
-8.864602	1.73005E-7	0.03504	0.08519
-8.783647	3.79279E-7	0.07245	0.03749
-8.702692	1.79659E-7	0.03500	0.08667
-8.621736	3.46009E-7	0.07420	0.03588
-8.540781	2.12929E-7	0.03543	0.08294
-8.459826	3.06085E-7	0.07102	0.03716
-8.378871	2.52853E-7	0.03425	0.08650
-8.297915	4.65782E-7	0.07265	0.03717
-8.216960	1.19772E-7	0.03318	0.08484
-8.136005	3.92587E-7	0.07269	0.04082
-8.055050	1.46389E-7	0.03364	0.08460
-7.974094	3.65971E-7	0.07537	0.03667
-7.893139	1.26426E-7	0.03471	0.08387
-7.812184	3.39355E-7	0.07281	0.03951
-7.731228	1.66351E-7	0.03393	0.08579
-7.650273	4.19204E-7	0.07354	0.03902
-7.569318	1.26426E-7	0.03455	0.08606
-7.488363	4.12550E-7	0.07523	0.03901
-7.407407	2.39545E-7	0.03388	0.08609
-7.326452	4.05896E-7	0.07280	0.03819
-7.245497	1.92967E-7	0.03233	0.08609
-7.164542	3.79279E-7	0.07143	0.03889
-7.083586	1.59697E-7	0.03427	0.08568
-7.002631	3.92587E-7	0.07414	0.04005
-6.921676	1.86313E-7	0.03342	0.08551
-6.840721	4.92398E-7	0.07491	0.04118
-6.759765	2.12929E-7	0.03376	0.08704
-6.678810	4.25858E-7	0.07649	0.04105
-6.597855	2.12929E-7	0.03266	0.08717
-6.516899	4.45820E-7	0.07527	0.04045
-6.435944	9.98104E-8	0.03445	0.08434
-6.354989	5.19014E-7	0.07962	0.04024
-6.274034	1.73005E-7	0.03278	0.08785
-6.193078	5.12360E-7	0.07570	0.04106
-6.112123	1.92967E-7	0.03366	0.08919
-6.031168	3.46009E-7	0.07718	0.04182
-5.950213	1.79659E-7	0.03469	0.09024
-5.869257	4.52474E-7	0.07764	0.04152
-5.788302	1.79659E-7	0.03451	0.08998
-5.707347	4.12550E-7	0.07935	0.04258
-5.626391	2.19583E-7	0.03606	0.08986
-5.545436	4.45820E-7	0.07996	0.04190
-5.464481	1.46389E-7	0.03728	0.09179
-5.383526	4.12550E-7	0.08108	0.04230
-5.302570	2.32891E-7	0.03658	0.09169
-5.221615	3.65971E-7	0.08057	0.04354
-5.140660	1.59697E-7	0.03711	0.09127
-5.059705	4.05896E-7	0.08084	0.04157
-4.978749	1.59697E-7	0.03704	0.09124
-4.897794	4.05896E-7	0.08075	0.04251
-4.816839	1.59697E-7	0.03777	0.09166
-4.735883	5.19014E-7	0.08187	0.04109
-4.654928	1.73005E-7	0.03711	0.09261
-4.573973	3.85933E-7	0.07892	0.04032
-4.493018	1.53043E-7	0.03768	0.09364
-4.412062	4.12550E-7	0.07886	0.04124
-4.331107	2.12929E-7	0.03811	0.09564
-4.250152	4.05896E-7	0.08092	0.04093
-4.169197	2.12929E-7	0.03790	0.09300
-4.088241	4.39166E-7	0.07955	0.03971
-4.007286	1.79659E-7	0.03823	0.09364
-3.926331	4.32512E-7	0.08090	0.04343
-3.845375	1.79659E-7	0.03775	0.09416
-3.764420	3.92587E-7	0.08098	0.04258
-3.683465	1.86313E-7	0.03772	0.09200
-3.602510	4.32512E-7	0.08226	0.04295
-3.521554	1.39735E-7	0.03877	0.09515
-3.440599	4.52474E-7	0.08260	0.04301
-3.359644	2.12929E-7	0.04005	0.09614
-3.278689	3.99241E-7	0.08400	0.04367
-3.197733	1.59697E-7	0.03807	0.09903
-3.116778	3.99241E-7	0.08734	0.04637
-3.035823	1.53043E-7	0.03880	0.10225
-2.954867	3.92587E-7	0.08756	0.04879
-2.873912	2.06275E-7	0.04140	0.10684
-2.792957	3.92587E-7	0.09056	0.05332
-2.712002	1.26426E-7	0.04288	0.11499
-2.631046	4.19204E-7	0.09695	0.05776
-2.550091	1.66351E-7	0.04568	0.12819
-2.469136	3.99241E-7	0.10696	0.06538
-2.388181	1.99621E-7	0.04847	0.15090
-2.307225	4.99052E-7	0.11834	0.07724
-2.226270	2.19583E-7	0.05402	0.17997
-2.145315	3.85933E-7	0.13700	0.09500
-2.064359	2.06275E-7	0.06328	0.22404
-1.983404	5.52284E-7	0.17067	0.12141
-1.902449	1.99621E-7	0.07925	0.29788
-1.821494	3.99241E-7	0.20865	0.16791
-1.740538	2.39545E-7	0.10501	0.41268
-1.659583	4.52474E-7	0.28360	0.24007
-1.578628	2.12929E-7	0.15279	0.62269
-1.497673	5.05706E-7	0.40998	0.36859
-1.416717	3.39355E-7	0.22748	1.01113
-1.335762	5.92208E-7	0.64054	0.64603
-1.254807	3.59317E-7	0.37105	1.81208
-1.173851	7.31943E-7	1.09723	1.18749
-1.092896	2.72815E-7	0.68023	3.58898
-1.011941	7.98483E-7	2.06757	2.46037
-0.930986	3.32701E-7	1.32324	7.51214
-0.850030	7.78521E-7	4.01196	4.96852
-0.769075	4.32512E-7	2.50383	14.32601
-0.688120	7.91829E-7	7.48953	8.51044
-0.607165	3.99241E-7	4.55468	21.88441
-0.526209	9.11601E-7	12.22794	10.84715
-0.445254	4.05896E-7	6.67282	23.84089
-0.364299	1.08461E-6	16.23980	9.75635
-0.283343	2.99431E-7	8.17736	17.78803
-0.202388	8.18445E-7	17.27529	5.90406
-0.121433	3.65971E-7	7.86022	9.35245
-0.040478	7.98483E-7	14.74406	2.67082
0.040478	3.12739E-7	6.07451	3.85077
0.121433	7.71867E-7	10.55610	0.98601
0.202388	2.86123E-7	4.09699	1.37105
0.283343	6.38786E-7	6.89004	0.38015
0.364299	2.72815E-7	2.59626	0.59153
0.445254	4.85744E-7	4.39295	0.19437
0.526209	2.12929E-7	1.66310	0.31611
0.607165	3.99241E-7	2.82380	0.11501
0.688120	1.99621E-7	1.06578	0.20877
0.769075	5.38976E-7	1.86776	0.08165
0.850030	2.12929E-7	0.71064	0.15775
0.930986	5.12360E-7	1.27894	0.06599
1.011941	2.39545E-7	0.49359	0.13131
1.092896	4.65782E-7	0.88084	0.05562
1.173851	1.79659E-7	0.33934	0.11617
1.254807	4.39166E-7	0.62797	0.05167
1.335762	1.99621E-7	0.24703	0.10808
1.416717	4.45820E-7	0.45697	0.04848
1.497673	1.73005E-7	0.17663	0.10203
1.578628	4.12550E-7	0.34429	0.04744
1.659583	2.72815E-7	0.13560	0.09787
1.740538	4.19204E-7	0.26173	0.04653
1.821494	2.46199E-7	0.10404	0.09787
1.902449	4.52474E-7	0.20734	0.04501
1.983404	1.99621E-7	0.08567	0.09534
2.064359	5.65592E-7	0.17180	0.04608
2.145315	2.19583E-7	0.06785	0.09458
2.226270	4.39166E-7	0.14680	0.04415
2.307225	1.66351E-7	0.06025	0.09068
2.388181	4.99052E-7	0.13368	0.04593
2.469136	2.39545E-7	0.05477	0.09419
2.550091	4.32512E-7	0.11636	0.04485
2.631046	2.06275E-7	0.04778	0.09461
2.712002	4.12550E-7	0.10429	0.04422
2.792957	2.12929E-7	0.04775	0.09306
2.873912	4.25858E-7	0.10197	0.04367
2.954867	2.12929E-7	0.04526	0.09334
3.035823	3.85933E-7	0.09747	0.04430
3.116778	1.66351E-7	0.04409	0.09431
3.197733	3.79279E-7	0.09464	0.04354
3.278689	1.79659E-7	0.04322	0.09318
3.359644	4.72436E-7	0.09226	0.04422
3.440599	1.79659E-7	0.04294	0.09512
3.521554	5.25668E-7	0.09179	0.04377
3.602510	1.86313E-7	0.04106	0.09349
3.683465	4.72436E-7	0.08881	0.04269
3.764420	1.59697E-7	0.04154	0.09801
3.845375	5.05706E-7	0.08817	0.04245
3.926331	2.39545E-7	0.04027	0.09315
4.007286	5.05706E-7	0.08570	0.04254
4.088241	2.06275E-7	0.04114	0.09294
4.169197	5.78900E-7	0.08698	0.04313
4.250152	2.12929E-7	0.04142	0.09570
4.331107	4.25858E-7	0.08531	0.04172
4.412062	1.79659E-7	0.04045	0.09909
4.493018	5.05706E-7	0.08561	0.04081
4.573973	1.92967E-7	0.04099	0.09445
4.654928	4.59128E-7	0.08384	0.04112
4.735883	2.46199E-7	0.03988	0.09445
4.816839	4.92398E-7	0.08522	0.04249
4.897794	1.86313E-7	0.04120	0.09386
4.978749	3.85933E-7	0.08381	0.04307
5.059705	1.86313E-7	0.03945	0.09574
5.140660	4.45820E-7	0.08482	0.04245
5.221615	1.92967E-7	0.03933	0.09576
5.302570	4.85744E-7	0.08615	0.04227
5.383526	2.06275E-7	0.04057	0.09497
5.464481	3.99241E-7	0.08408	0.04413
5.545436	3.12739E-7	0.04036	0.09421
5.626391	4.72436E-7	0.08279	0.04233
5.707347	2.39545E-7	0.03901	0.09404
5.788302	4.25858E-7	0.08451	0.04319
5.869257	1.73005E-7	0.03883	0.09419
5.950213	3.79279E-7	0.08616	0.04234
6.031168	1.79659E-7	0.03913	0.09296
6.112123	4.25858E-7	0.08600	0.04494
6.193078	1.46389E-7	0.03825	0.09589
6.274034	4.59128E-7	0.08612	0.04447
6.354989	1.86313E-7	0.03920	0.09316
6.435944	4.05896E-7	0.08603	0.04336
6.516899	1.59697E-7	0.03682	0.09080
6.597855	3.59317E-7	0.08670	0.04458
6.678810	1.79659E-7	0.03589	0.09203
6.759765	5.52284E-7	0.08960	0.04421
6.840721	2.32891E-7	0.03834	0.09331
6.921676	4.25858E-7	0.08579	0.04559
7.002631	1.86313E-7	0.03810	0.09513
7.083586	4.72436E-7	0.08522	0.04464
7.164542	2.26237E-7	0.03942	0.09425
7.245497	4.25858E-7	0.08518	0.04373
7.326452	2.12929E-7	0.03887	0.09528
7.407407	4.25858E-7	0.08487	0.04494
7.488363	2.52853E-7	0.03960	0.09178
7.569318	4.72436E-7	0.08531	0.04130
7.650273	1.99621E-7	0.03905	0.09306
7.731228	5.52284E-7	0.08630	0.04447
7.812184	1.59697E-7	0.03944	0.09616
7.893139	4.45820E-7	0.08615	0.04292
7.974094	2.79469E-7	0.03954	0.09167
8.055050	4.45820E-7	0.08516	0.04316
8.136005	2.06275E-7	0.03774	0.09319
8.216960	3.79279E-7	0.08338	0.04295
8.297915	1.99621E-7	0.03944	0.09436
8.378871	4.25858E-7	0.08332	0.04464
8.459826	2.59507E-7	0.03834	0.09512
8.540781	3.99241E-7	0.08467	0.04108
8.621736	2.26237E-7	0.03978	0.09370
8.702692	4.52474E-7	0.08382	0.04127
8.783647	2.06275E-7	0.03951	0.09693
8.864602	4.65782E-7	0.08297	0.04163
8.945558	2.46199E-7	0.03966	0.09431
9.026513	4.19204E-7	0.08473	0.04123
9.107468	2.46199E-7	0.04006	0.09522
9.188423	4.92398E-7	0.08424	0.04295
9.269379	1.99621E-7	0.04062	0.09307
9.350334	4.25858E-7	0.08287	0.04170
9.431289	1.99621E-7	0.03895	0.09363
9.512244	3.79279E-7	0.08633	0.04230
9.593200	2.06275E-7	0.03761	0.09468
9.674155	3.79279E-7	0.08421	0.04359
9.755110	1.46389E-7	0.03907	0.09403
9.836066	3.52663E-7	0.08481	0.04362
9.917021	3.12739E-7	0.03819	0.09226
9.997976	5.85554E-7	0.08411	0.04242
10.078931	2.39545E-7	0.03710	0.09558
10.159887	4.65782E-7	0.08428	0.04322
10.240842	2.46199E-7	0.03832	0.09611
10.321797	4.59128E-7	0.08433	0.04288
10.402752	2.26237E-7	0.03863	0.09352
10.483708	4.32512E-7	0.08227	0.04543
10.564663	2.72815E-7	0.03688	0.09185
10.645618	5.12360E-7	0.08442	0.04547
10.726574	1.59697E-7	0.03840	0.09471
10.807529	5.25668E-7	0.08808	0.04351
10.888484	1.86313E-7	0.03671	0.09191
10.969439	4.59128E-7	0.08490	0.04508
11.050395	1.79659E-7	0.03662	0.09083
11.131350	4.52474E-7	0.08756	0.04620
11.212305	1.46389E-7	0.03626	0.09297
11.293260	4.85744E-7	0.08512	0.04473
11.374216	2.46199E-7	0.03661	0.09418
11.455171	5.52284E-7	0.08440	0.04495
11.536126	1.39735E-7	0.03804	0.09588
11.617082	4.25858E-7	0.08540	0.04430
11.698037	1.66351E-7	0.03853	0.09684
11.778992	3.52663E-7	0.08685	0.04567
11.859947	1.86313E-7	0.03871	0.09681
11.940903	5.52284E-7	0.08379	0.04421
12.021858	1.79659E-7	0.03944	0.09206
12.102813	4.45820E-7	0.08571	0.04397
12.183768	2.26237E-7	0.03962	0.09471
12.264724	4.12550E-7	0.08422	0.04424
12.345679	1.86313E-7	0.03886	0.09339
12.426634	4.39166E-7	0.08308	0.04202
12.507590	1.86313E-7	0.03907	0.09333
12.588545	5.38976E-7	0.08375	0.04334
12.669500	2.12929E-7	0.03838	0.09349
12.750455	4.72436E-7	0.08434	0.04415
12.831411	2.52853E-7	0.03832	0.09762
12.912366	4.72436E-7	0.08455	0.04239
12.993321	2.12929E-7	0.03983	0.09412
13.074276	4.65782E-7	0.08153	0.04178
13.155232	2.32891E-7	0.04012	0.09775
13.236187	5.05706E-7	0.08151	0.04115
13.317142	2.26237E-7	0.03944	0.09471
13.398098	4.45820E-7	0.08381	0.04288
13.479053	1.73005E-7	0.03962	0.09279
13.560008	4.45820E-7	0.08265	0.04285
13.640963	1.86313E-7	0.03837	0.09473
13.721919	4.85744E-7	0.08233	0.04221
13.802874	1.79659E-7	0.03787	0.09407
13.883829	4.65782E-7	0.08299	0.04444
13.964784	1.66351E-7	0.03938	0.09340
14.045740	4.59128E-7	0.08396	0.04333
14.126695	2.12929E-7	0.03881	0.09565
14.207650	4.79090E-7	0.08495	0.04355
14.288606	1.99621E-7	0.03756	0.09166
14.369561	4.45820E-7	0.08560	0.04270
14.450516	3.26047E-7	0.03994	0.09415
14.531471	5.25668E-7	0.08180	0.04346
14.612427	1.99621E-7	0.03683	0.09410
14.693382	5.45630E-7	0.08403	0.04365
14.774337	2.06275E-7	0.03893	0.09453
14.855292	4.45820E-7	0.08253	0.04632
14.936248	1.92967E-7	0.03679	0.09221
15.017203	4.45820E-7	0.08430	0.04577
15.098158	2.06275E-7	0.03702	0.09176
15.179114	5.45630E-7	0.08403	0.04437
15.260069	2.79469E-7	0.03664	0.09246
15.341024	4.45820E-7	0.08631	0.04438
15.421979	1.92967E-7	0.03796	0.09445
15.502935	4.99052E-7	0.08765	0.04529
15.583890	1.66351E-7	0.03610	0.09319
15.664845	5.19014E-7	0.08495	0.04430
15.745800	2.46199E-7	0.03580	0.09278
15.826756	4.59128E-7	0.08372	0.04452
15.907711	2.06275E-7	0.03710	0.09503
15.988666	4.85744E-7	0.08357	0.04312
16.069622	2.26237E-7	0.03837	0.09452
16.150577	3.79279E-7	0.08381	0.04440
16.231532	2.99431E-7	0.03889	0.09369
16.312487	4.52474E-7	0.08372	0.04297
16.393443	2.19583E-7	0.03868	0.09465
16.474398	5.45630E-7	0.08345	0.04555
16.555353	1.73005E-7	0.03848	0.09442
16.636308	4.19204E-7	0.08516	0.04517
16.717264	1.53043E-7	0.03837	0.09448
16.798219	3.92587E-7	0.08494	0.04276
16.879174	2.39545E-7	0.04038	0.09354
16.960130	5.05706E-7	0.08475	0.04325
17.041085	1.66351E-7	0.03825	0.09339
17.122040	4.52474E-7	0.08391	0.04278
17.202995	2.66161E-7	0.03960	0.09509
17.283951	4.45820E-7	0.08229	0.04324
17.364906	2.32891E-7	0.04033	0.09412
17.445861	5.78900E-7	0.08394	0.04176
17.526816	1.92967E-7	0.04017	0.09829
17.607772	3.99241E-7	0.08144	0.04249
17.688727	2.12929E-7	0.03884	0.09363
17.769682	4.52474E-7	0.08373	0.04146
17.850638	2.66161E-7	0.03953	0.09357
17.931593	3.65971E-7	0.08437	0.04258
18.012548	2.12929E-7	0.03848	0.09400
18.093503	4.05896E-7	0.08403	0.04516
18.174459	2.39545E-7	0.03798	0.09541
18.255414	4.25858E-7	0.08262	0.04371
18.336369	1.66351E-7	0.03837	0.09200
18.417324	4.39166E-7	0.08309	0.04359
18.498280	2.59507E-7	0.03918	0.09488
18.579235	4.72436E-7	0.08379	0.04407
18.660190	2.59507E-7	0.03765	0.09315
18.741146	5.45630E-7	0.08284	0.04553
18.822101	2.06275E-7	0.03784	0.09465
18.903056	4.05896E-7	0.08537	0.04519
18.984011	1.99621E-7	0.03904	0.09494
19.064967	4.85744E-7	0.08469	0.04435
19.145922	1.92967E-7	0.03837	0.09713
19.226877	5.19014E-7	0.08555	0.04634
19.307832	2.06275E-7	0.03950	0.09938
19.388788	4.52474E-7	0.08640	0.04970
19.469743	2.39545E-7	0.03935	0.10771
19.550698	5.05706E-7	0.08664	0.05329
19.631654	1.86313E-7	0.03908	0.11980
19.712609	4.99052E-7	0.09534	0.06350
19.793564	1.86313E-7	0.04221	0.13813
19.874519	5.05706E-7	0.10629	0.07281
19.955475	2.26237E-7	0.04562	0.15459
20.036430	3.85933E-7	0.11307	0.07615
20.117385	1.59697E-7	0.05040	0.15354
20.198340	4.19204E-7	0.12173	0.06973
20.279296	1.73005E-7	0.05696	0.13551
20.360251	3.85933E-7	0.12509	0.05976
20.441206	1.79659E-7	0.05656	0.11696
20.522162	4.25858E-7	0.11876	0.05478
20.603117	2.12929E-7	0.05344	0.10540
20.684072	4.85744E-7	0.10897	0.04602
20.765027	1.66351E-7	0.04847	0.09932
20.845983	4.45820E-7	0.10148	0.04534
20.926938	2.59507E-7	0.04525	0.09451
21.007893	4.59128E-7	0.09053	0.04383
21.088848	2.86123E-7	0.04380	0.09427
21.169804	3.59317E-7	0.09063	0.04365
21.250759	2.19583E-7	0.04225	0.09598
21.331714	3.85933E-7	0.08765	0.04132
21.412670	2.26237E-7	0.04051	0.09403
21.493625	4.39166E-7	0.08594	0.04438
21.574580	1.92967E-7	0.04006	0.09404
21.655535	3.39355E-7	0.08443	0.04212
21.736491	1.66351E-7	0.04142	0.09513
21.817446	3.85933E-7	0.08276	0.04161
21.898401	2.06275E-7	0.04006	0.09692
21.979356	3.99241E-7	0.08290	0.04205
22.060312	1.92967E-7	0.04053	0.09483
22.141267	4.85744E-7	0.08406	0.04026
22.222222	2.99431E-7	0.03915	0.09650
22.303177	4.05896E-7	0.08174	0.04194
22.384133	2.06275E-7	0.03898	0.09418
22.465088	4.72436E-7	0.08238	0.04310
22.546043	2.32891E-7	0.03789	0.09500
22.626999	4.25858E-7	0.08095	0.04383
22.707954	2.19583E-7	0.03778	0.09534
22.788909	4.92398E-7	0.08248	0.04333
22.869864	1.59697E-7	0.03783	0.09561
22.950820	4.19204E-7	0.08205	0.04504
23.031775	2.59507E-7	0.03731	0.09342
23.112730	4.19204E-7	0.08276	0.04334
23.193685	1.53043E-7	0.03735	0.09455
23.274641	4.92398E-7	0.08206	0.04422
23.355596	1.92967E-7	0.03688	0.09455
23.436551	5.25668E-7	0.08217	0.04324
23.517507	1.13118E-7	0.03783	0.09355
23.598462	4.52474E-7	0.08352	0.04458
23.679417	2.46199E-7	0.03713	0.09373
23.760372	4.85744E-7	0.08223	0.04409
23.841328	2.66161E-7	0.03866	0.09372
23.922283	4.45820E-7	0.08478	0.04406
24.003238	2.26237E-7	0.03618	0.09239
24.084193	4.65782E-7	0.08309	0.04428
24.165149	2.06275E-7	0.03567	0.09451
24.246104	4.65782E-7	0.08703	0.04330
24.327059	1.39735E-7	0.03632	0.09367
24.408015	4.59128E-7	0.08287	0.04434
24.488970	1.79659E-7	0.03837	0.09342
24.569925	3.92587E-7	0.08527	0.04339
24.650880	1.73005E-7	0.03734	0.09330
24.731836	5.12360E-7	0.08387	0.04383
24.812791	1.53043E-7	0.03920	0.09181
24.893746	5.32322E-7	0.08439	0.04380
24.974701	1.99621E-7	0.03717	0.09380
25.055657	4.19204E-7	0.08139	0.04208
25.136612	2.06275E-7	0.03988	0.00000
25.217567	4.65782E-7	0.08418	0.00000
25.298523	2.86123E-7	0.03822	0.00000
25.379478	4.05896E-7	0.08163	0.00000
25.460433	2.66161E-7	0.03872	0.00000
25.541388	4.25858E-7	0.08017	0.00000
25.622344	2.26237E-7	0.04018	0.00000
25.703299	4.79090E-7	0.08126	0.00000
25.784254	2.59507E-7	0.03828	0.00000
25.865209	3.85933E-7	0.08440	0.00000
25.946165	1.92967E-7	0.03875	0.00000
26.027120	5.38976E-7	0.08203	0.00000
26.108075	2.06275E-7	0.03920	0.00000
26.189031	4.45820E-7	0.08127	0.00000
26.269986	1.79659E-7	0.03923	0.00000
26.350941	4.39166E-7	0.08168	0.00000
26.431896	2.12929E-7	0.03848	0.00000
26.512852	5.85554E-7	0.08235	0.00000
26.593807	1.79659E-7	0.04079	0.00000
26.674762	5.32322E-7	0.08221	0.00000
26.755717	2.26237E-7	0.04009	0.00000
26.836673	4.12550E-7	0.08414	0.00000
26.917628	2.39545E-7	0.03898	0.00000
26.998583	4.19204E-7	0.08189	0.00000
27.079539	1.73005E-7	0.03802	0.00000
27.160494	4.85744E-7	0.08378	0.00000
27.241449	2.39545E-7	0.03941	0.00000
27.322404	4.85744E-7	0.08419	0.00000
27.403360	1.99621E-7	0.03786	0.00000
27.484315	5.38976E-7	0.08120	0.00000
27.565270	2.06275E-7	0.03953	0.00000
27.646225	4.25858E-7	0.08239	0.00000
27.727181	1.92967E-7	0.03740	0.00000
27.808136	5.19014E-7	0.08406	0.00000
27.889091	2.32891E-7	0.03801	0.00000
27.970047	5.52284E-7	0.08256	0.00000
28.051002	2.92777E-7	0.03841	0.00000
28.131957	4.39166E-7	0.08282	0.00000
28.212912	1.79659E-7	0.03845	0.00000
28.293868	4.52474E-7	0.08509	0.00000
28.374823	1.66351E-7	0.03626	0.00000
28.455778	4.45820E-7	0.08658	0.00000
28.536733	1.86313E-7	0.03598	0.00000
28.617689	5.19014E-7	0.08890	0.00000
28.698644	1.53043E-7	0.03671	0.00000
28.779599	4.65782E-7	0.08466	0.00000
28.860555	1.92967E-7	0.03582	0.00000
28.941510	4.52474E-7	0.08320	0.00000
29.022465	2.32891E-7	0.03781	0.00000
29.103420	5.12360E-7	0.08403	0.00000
29.184376	2.39545E-7	0.03768	0.00000
29.265331	4.85744E-7	0.08288	0.00000
29.346286	2.26237E-7	0.03719	0.00000
29.427241	4.52474E-7	0.08449	0.00000
29.508197	1.92967E-7	0.03722	0.00000
29.589152	3.99241E-7	0.08278	0.00000
29.670107	1.79659E-7	0.03880	0.00000
29.751063	5.45630E-7	0.08193	0.00000
29.832018	1.86313E-7	0.03924	0.00000
29.912973	4.92398E-7	0.08351	0.00000
29.993928	1.86313E-7	0.03845	0.00000
30.074884	3.39355E-7	0.08241	0.00000
30.155839	2.12929E-7	0.03804	0.00000
30.236794	4.79090E-7	0.08266	0.00000
30.317749	2.06275E-7	0.03825	0.00000
30.398705	4.05896E-7	0.08259	0.00000
30.479660	1.86313E-7	0.04003	0.00000
30.560615	5.32322E-7	0.08189	0.00000
30.641571	2.12929E-7	0.03863	0.00000
30.722526	5.45630E-7	0.08102	0.00000
30.803481	1.79659E-7	0.03863	0.00000
30.884436	5.72246E-7	0.08217	0.00000
30.965392	2.26237E-7	0.03842	0.00000
31.046347	4.72436E-7	0.08053	0.00000
31.127302	2.32891E-7	0.03915	0.00000
31.208257	4.52474E-7	0.08439	0.00000
31.289213	2.52853E-7	0.03857	0.00000
31.370168	4.39166E-7	0.08086	0.00000
31.451123	1.92967E-7	0.03759	0.00000
31.532079	3.85933E-7	0.08195	0.00000
31.613034	2.12929E-7	0.03848	0.00000
31.693989	5.38976E-7	0.08405	0.00000
31.774944	2.32891E-7	0.03777	0.00000
31.855900	4.39166E-7	0.08095	0.00000
31.936855	1.53043E-7	0.03832	0.00000
32.017810	4.72436E-7	0.08323	0.00000
32.098765	1.79659E-7	0.03889	0.00000
32.179721	5.19014E-7	0.08460	0.00000
32.260676	2.66161E-7	0.03901	0.00000
32.341631	4.12550E-7	0.08604	0.00000
32.422587	1.59697E-7	0.03789	0.00000
32.503542	3.52663E-7	0.08613	0.00000
32.584497	1.92967E-7	0.03872	0.00000
32.665452	4.72436E-7	0.08653	0.00000
32.746408	1.79659E-7	0.03689	0.00000
32.827363	4.32512E-7	0.08600	0.00000
32.908318	2.46199E-7	0.03740	0.00000
32.989273	4.79090E-7	0.08844	0.00000
33.070229	1.99621E-7	0.03650	0.00000
33.151184	4.39166E-7	0.08463	0.00000
33.232139	1.99621E-7	0.03659	0.00000
33.313095	4.05896E-7	0.08321	0.00000
33.394050	2.26237E-7	0.03752	0.00000
33.475005	4.72436E-7	0.08548	0.00000
33.555960	1.73005E-7	0.03744	0.00000
33.636916	4.25858E-7	0.08418	0.00000
33.717871	3.06085E-7	0.03844	0.00000
33.798826	4.05896E-7	0.08221	0.00000
33.879781	1.99621E-7	0.03805	0.00000
33.960737	4.12550E-7	0.08384	0.00000
34.041692	1.92967E-7	0.03871	0.00000
34.122647	4.65782E-7	0.08250	0.00000
34.203603	1.46389E-7	0.03769	0.00000
34.284558	3.59317E-7	0.08114	0.00000
34.365513	1.53043E-7	0.03878	0.00000
34.446468	3.46009E-7	0.08342	0.00000
34.527424	2.19583E-7	0.03752	0.00000
34.608379	4.25858E-7	0.08129	0.00000
34.689334	1.92967E-7	0.03887	0.00000
34.770289	4.79090E-7	0.08062	0.00000
34.851245	2.26237E-7	0.03927	0.00000
34.932200	4.45820E-7	0.08300	0.00000
35.013155	1.79659E-7	0.03933	0.00000
35.094111	4.25858E-7	0.08232	0.00000
35.175066	2.46199E-7	0.04079	0.00000
35.256021	3.79279E-7	0.08062	0.00000
35.336976	1.92967E-7	0.03884	0.00000
35.417932	4.59128E-7	0.08193	0.00000
35.498887	2.79469E-7	0.03929	0.00000
35.579842	3.26047E-7	0.08145	0.00000
35.660797	2.32891E-7	0.03960	0.00000
35.741753	4.05896E-7	0.08078	0.00000
35.822708	2.46199E-7	0.03811	0.00000
35.903663	4.59128E-7	0.08248	0.00000
35.984618	1.59697E-7	0.03923	0.00000
36.065574	4.32512E-7	0.08218	0.00000
36.146529	1.86313E-7	0.03810	0.00000
36.227484	4.59128E-7	0.08205	0.00000
36.308440	2.32891E-7	0.03841	0.00000
36.389395	4.05896E-7	0.08244	0.00000
36.470350	2.19583E-7	0.03960	0.00000
36.551305	4.52474E-7	0.08384	0.00000
36.632261	2.06275E-7	0.03789	0.00000
36.713216	5.45630E-7	0.08504	0.00000
36.794171	1.66351E-7	0.03746	0.00000
36.875126	4.45820E-7	0.08370	0.00000
36.956082	1.86313E-7	0.03658	0.00000
37.037037	5.65592E-7	0.08406	0.00000
37.117992	1.53043E-7	0.03723	0.00000
37.198948	5.05706E-7	0.08357	0.00000
37.279903	2.12929E-7	0.03691	0.00000
37.360858	4.45820E-7	0.08574	0.00000
37.441813	1.33080E-7	0.03653	0.00000
37.522769	5.12360E-7	0.08321	0.00000
37.603724	1.73005E-7	0.03507	0.00000
37.684679	5.25668E-7	0.08276	0.00000
37.765634	2.26237E-7	0.03698	0.00000
37.846590	4.45820E-7	0.08330	0.00000
37.927545	1.92967E-7	0.03957	0.00000
38.008500	4.59128E-7	0.08281	0.00000
38.089456	2.32891E-7	0.03863	0.00000
38.170411	5.25668E-7	0.08177	0.00000
38.251366	1.92967E-7	0.03854	0.00000
38.332321	5.25668E-7	0.08268	0.00000
38.413277	2.06275E-7	0.03784	0.00000
38.494232	4.45820E-7	0.08178	0.00000
38.575187	2.06275E-7	0.03764	0.00000
38.656142	4.32512E-7	0.08138	0.00000
38.737098	2.19583E-7	0.03999	0.00000
38.818053	4.85744E-7	0.08193	0.00000
38.899008	1.99621E-7	0.03719	0.00000
38.979964	4.65782E-7	0.08200	0.00000
39.060919	1.79659E-7	0.03877	0.00000
39.141874	4.45820E-7	0.08169	0.00000
39.222829	2.19583E-7	0.04044	0.00000
39.303785	4.25858E-7	0.08308	0.00000
39.384740	2.86123E-7	0.03777	0.00000
39.465695	5.05706E-7	0.08221	0.00000
39.546650	1.92967E-7	0.03728	0.00000
39.627606	4.05896E-7	0.08157	0.00000
39.708561	2.32891E-7	0.03844	0.00000
39.789516	4.25858E-7	0.08202	0.00000
39.870472	2.12929E-7	0.03850	0.00000
39.951427	4.45820E-7	0.08275	0.00000
40.032382	2.06275E-7	0.03923	0.00000
40.113337	4.72436E-7	0.07971	0.00000
40.194293	2.59507E-7	0.03820	0.00000
40.275248	4.72436E-7	0.08238	0.00000
40.356203	2.12929E-7	0.03845	0.00000
40.437158	6.65402E-7	0.11909	0.00000
