#Delay (Seco0ds) - *0.001lot 0	g(2) - *0.001lot 0
-40.4372	0
-40.3562	0
-40.2752	0
-40.1943	0
-40.1133	0
-40.0324	0
-39.9514	0
-39.8705	0
-39.7895	0
-39.7086	0
-39.6276	0
-39.5467	0
-39.4657	0
-39.3847	0
-39.3038	0
-39.2228	0
-39.1419	0
-39.0609	0
-38.98	0
-38.899	0
-38.8181	0
-38.7371	0
-38.6561	0
-38.5752	0
-38.4942	0
-38.4133	0
-38.3323	0
-38.2514	0
-38.1704	0
-38.0895	0
-38.0085	0
-37.9275	0
-37.8466	0
-37.7656	0
-37.6847	0
-37.6037	0
-37.5228	0
-37.4418	0
-37.3609	0
-37.2799	0
-37.1989	0
-37.118	0
-37.037	0
-36.9561	0
-36.8751	0
-36.7942	0
-36.7132	0
-36.6323	0
-36.5513	0
-36.4704	0
-36.3894	0
-36.3084	0
-36.2275	0
-36.1465	0
-36.0656	0
-35.9846	0
-35.9037	0
-35.8227	0
-35.7418	0
-35.6608	0
-35.5798	0
-35.4989	0
-35.4179	0
-35.337	0
-35.256	0
-35.1751	0
-35.0941	0
-35.0132	0
-34.9322	0
-34.8512	0
-34.7703	0
-34.6893	0
-34.6084	0
-34.5274	0
-34.4465	0
-34.3655	0
-34.2846	0
-34.2036	0
-34.1226	0
-34.0417	0
-33.9607	0
-33.8798	0
-33.7988	0
-33.7179	0
-33.6369	0
-33.556	0
-33.475	0
-33.394	0
-33.3131	0
-33.2321	0
-33.1512	0
-33.0702	0
-32.9893	0
-32.9083	0
-32.8274	0
-32.7464	0
-32.6655	0
-32.5845	0
-32.5035	0
-32.4226	0
-32.3416	0
-32.2607	0
-32.1797	0
-32.0988	0
-32.0178	0
-31.9369	0
-31.8559	0
-31.7749	0
-31.694	0
-31.613	0
-31.5321	0
-31.4511	0
-31.3702	0
-31.2892	0
-31.2083	0
-31.1273	0
-31.0463	0
-30.9654	0
-30.8844	0
-30.8035	0
-30.7225	0
-30.6416	0
-30.5606	0
-30.4797	0
-30.3987	0
-30.3177	0
-30.2368	0
-30.1558	0
-30.0749	0
-29.9939	0
-29.913	0
-29.832	0
-29.7511	0
-29.6701	0
-29.5892	0
-29.5082	0
-29.4272	0
-29.3463	0
-29.2653	0
-29.1844	0
-29.1034	0
-29.0225	0
-28.9415	0
-28.8606	0
-28.7796	0
-28.6986	0
-28.6177	0
-28.5367	0
-28.4558	0
-28.3748	0
-28.2939	0
-28.2129	0
-28.132	0
-28.051	0
-27.97	0
-27.8891	0
-27.8081	0
-27.7272	0
-27.6462	0
-27.5653	0
-27.4843	0
-27.4034	0
-27.3224	0
-27.2414	0
-27.1605	0
-27.0795	0
-26.9986	0
-26.9176	0
-26.8367	0
-26.7557	0
-26.6748	0
-26.5938	0
-26.5129	0
-26.4319	0
-26.3509	0
-26.27	0
-26.189	0
-26.1081	0
-26.0271	0
-25.9462	0
-25.8652	0
-25.7843	0
-25.7033	0
-25.6223	0
-25.5414	0
-25.4604	0
-25.3795	0
-25.2985	0
-25.2176	0
-25.1366	0
-25.0557	0
-24.9747	0
-24.8937	0
-24.8128	0
-24.7318	0
-24.6509	0
-24.5699	0
-24.489	0
-24.408	0
-24.3271	0
-24.2461	0
-24.1651	0
-24.0842	0
-24.0032	0
-23.9223	0
-23.8413	0
-23.7604	0
-23.6794	0
-23.5985	0
-23.5175	0
-23.4366	0
-23.3556	0
-23.2746	0
-23.1937	0
-23.1127	0
-23.0318	0
-22.9508	0
-22.8699	0
-22.7889	0
-22.708	0
-22.627	0
-22.546	0
-22.4651	0
-22.3841	0
-22.3032	0
-22.2222	0
-22.1413	0
-22.0603	0
-21.9794	0
-21.8984	0
-21.8174	0
-21.7365	0
-21.6555	0
-21.5746	0
-21.4936	0
-21.4127	0
-21.3317	0
-21.2508	0
-21.1698	0
-21.0888	0
-21.0079	0
-20.9269	0
-20.846	0
-20.765	0
-20.6841	0
-20.6031	0
-20.5222	0
-20.4412	0
-20.3603	0
-20.2793	0
-20.1983	0
-20.1174	0
-20.0364	0
-19.9555	0
-19.8745	0
-19.7936	0
-19.7126	0
-19.6317	0
-19.5507	0
-19.4697	0
-19.3888	0
-19.3078	0
-19.2269	0
-19.1459	0
-19.065	0
-18.984	0
-18.9031	0
-18.8221	0
-18.7411	0
-18.6602	0
-18.5792	0
-18.4983	0
-18.4173	0
-18.3364	0
-18.2554	0
-18.1745	0
-18.0935	0
-18.0125	0
-17.9316	0
-17.8506	50.0528
-17.7697	11.1333
-17.6887	46.157
-17.6078	12.5139
-17.5268	42.6243
-17.4459	9.7786
-17.3649	52.7109
-17.284	10.956
-17.203	59.5893
-17.122	7.73861
-17.0411	45.0051
-16.9601	6.95674
-16.8792	48.997
-16.7982	11.9627
-16.7173	48.8611
-16.6363	10.5627
-16.5554	57.7112
-16.4744	6.79165
-16.3934	42.9372
-16.3125	9.25104
-16.2315	52.7576
-16.1506	14.8257
-16.0696	48.9048
-15.9887	10.4744
-15.9077	40.827
-15.8268	7.41862
-15.7458	52.7623
-15.6648	8.16473
-15.5839	48.7977
-15.5029	7.14442
-15.422	41.6835
-15.341	8.09291
-15.2601	57.2446
-15.1791	14.6829
-15.0982	43.1781
-15.0172	7.90555
-14.9362	52.0188
-14.8553	7.25733
-14.7743	48.089
-14.6934	8.50089
-14.6124	40.5469
-14.5315	12.7868
-14.4505	43.8707
-14.3696	9.17052
-14.2886	44.595
-14.2077	7.75499
-14.1267	55.9867
-14.0457	10.3258
-13.9648	63.6921
-13.8838	8.8154
-13.8029	50.6412
-13.7219	7.01051
-13.641	44.8853
-13.56	9.85874
-13.4791	53.9872
-13.3981	12.8402
-13.3171	42.1547
-13.2362	10.2551
-13.1552	53.2698
-13.0743	10.7504
-12.9933	50.0751
-12.9124	8.15843
-12.8314	50.3659
-12.7505	7.11639
-12.6695	48.7269
-12.5885	12.2392
-12.5076	37.1769
-12.4266	10.742
-12.3457	51.8731
-12.2647	11.0721
-12.1838	43.354
-12.1028	10.1577
-12.0219	53.5482
-11.9409	8.93621
-11.8599	55.5657
-11.779	10.8017
-11.698	57.9462
-11.6171	8.51901
-11.5361	52.0079
-11.4552	9.18324
-11.3742	60.6563
-11.2933	11.4878
-11.2123	42.9749
-11.1313	13.4043
-11.0504	39.5035
-10.9694	6.29359
-10.8885	42.9361
-10.8075	10.4223
-10.7266	56.103
-10.6456	9.82606
-10.5647	52.9726
-10.4837	6.33189
-10.4028	47.3947
-10.3218	9.53341
-10.2408	44.6583
-10.1599	9.13618
-10.0789	39.4192
-9.99798	11.7724
-9.91702	43.7396
-9.83607	7.86238
-9.75511	34.7212
-9.67416	11.1377
-9.5932	42.8834
-9.51224	12.2825
-9.43129	49.1177
-9.35033	11.7318
-9.26938	46.4446
-9.18842	10.9391
-9.10747	38.2584
-9.02651	7.17693
-8.94556	60.5904
-8.8646	9.79549
-8.78365	42.7886
-8.70269	9.90241
-8.62174	43.0393
-8.54078	12.8916
-8.45983	38.2807
-8.37887	11.949
-8.29792	57.3559
-8.21696	6.28378
-8.136	46.1199
-8.05505	6.99699
-7.97409	48.075
-7.89314	6.77017
-7.81218	34.6774
-7.73123	7.78344
-7.65027	47.8089
-7.56932	6.56019
-7.48836	48.7419
-7.40741	11.933
-7.32645	46.3037
-7.2455	9.58859
-7.16454	43.2989
-7.08359	8.49779
-7.00263	44.7525
-6.92168	10.0892
-6.84072	51.2421
-6.75977	9.98353
-6.67881	47.8534
-6.59785	10.2311
-6.5169	49.4809
-6.43594	4.32937
-6.35499	62.7528
-6.27403	8.6503
-6.19308	55.4288
-6.11212	10.8482
-6.03117	37.0263
-5.95021	9.22858
-5.86926	48.8272
-5.7883	9.23027
-5.70735	40.8445
-5.62639	11.4518
-5.54544	47.0208
-5.46448	6.90869
-5.38353	44.0207
-5.30257	11.5939
-5.22162	35.1189
-5.14066	7.65388
-5.0597	42.8328
-4.97875	8.41783
-4.89779	42.9332
-4.81684	7.96935
-4.73588	54.672
-4.65493	8.23685
-4.57397	41.6835
-4.49302	7.81623
-4.41206	45.7526
-4.33111	11.1316
-4.25015	44.0945
-4.1692	10.8071
-4.08824	50.9096
-4.00729	9.65733
-3.92633	45.4117
-3.84538	8.46265
-3.76442	41.6462
-3.68346	9.38291
-3.60251	46.1922
-3.52155	6.24537
-3.4406	47.052
-3.35964	9.96762
-3.27869	41.4561
-3.19773	7.04728
-3.11678	39.2541
-3.03582	6.84664
-2.95487	38.8518
-2.87391	7.77233
-2.79296	33.6128
-2.712	5.17981
-2.63105	32.7027
-2.55009	5.41807
-2.46914	29.931
-2.38818	5.92671
-2.30723	29.3481
-2.22627	5.55648
-2.14531	17.8644
-2.06436	4.27611
-1.9834	20.8976
-1.90245	3.0099
-1.82149	10.4533
-1.74054	2.73881
-1.65958	8.84364
-1.57863	1.54679
-1.49767	6.56316
-1.41672	1.18299
-1.33576	3.90048
-1.25481	0.862746
-1.17385	2.85866
-1.0929	0.361369
-1.01194	1.45495
-0.930986	0.212263
-0.85003	0.72796
-0.769075	0.132033
-0.68812	0.40203
-0.607165	0.0788959
-0.526209	0.38597
-0.445254	0.0822172
-0.364299	0.46987
-0.283343	0.0784274
-0.202388	0.602477
-0.121433	0.1635
-0.0404776	1.3694
0.0404776	0.353718
0.121433	3.47626
0.202388	0.92044
0.283343	8.06454
0.364299	2.0811
0.445254	10.739
0.526209	3.26989
0.607165	14.9511
0.68812	4.62056
0.769075	30.6124
0.85003	6.107
0.930986	35.1278
1.01194	7.08176
1.0929	38.8981
1.17385	7.18699
1.25481	36.7984
1.33576	7.41
1.41672	40.5441
1.49767	7.49264
1.57863	38.3577
1.65958	12.2338
1.74054	39.268
1.82149	11.1504
1.90245	48.059
1.9834	9.72172
2.06436	57.0499
2.14531	8.40092
2.22627	47.5216
2.30723	7.31587
2.38818	47.3396
2.46914	11.353
2.55009	46.1797
2.63105	10.1723
2.712	40.4002
2.79296	10.6924
2.87391	43.9805
2.95487	11.0157
3.03582	39.5493
3.11678	8.06208
3.19773	38.7016
3.27869	7.85222
3.35964	46.5062
3.4406	8.382
3.52155	54.2258
3.60251	9.27004
3.68346	48.3039
3.76442	6.41456
3.84538	51.68
3.92633	11.4174
4.00729	55.1453
4.08824	9.70729
4.1692	62.9131
4.25015	9.75533
4.33111	42.1225
4.41206	8.38264
4.49302	57.3325
4.57397	9.54553
4.65493	51.6593
4.73588	10.9195
4.81684	51.0557
4.89779	8.80602
4.97875	39.106
5.0597	7.60183
5.14066	48.8516
5.22162	7.59922
5.30257	53.3913
5.38353	8.76771
5.46448	44.5544
5.54544	15.504
5.62639	50.7049
5.70735	12.7095
5.7883	42.965
5.86926	8.84
5.95021	38.9699
6.03117	7.87593
6.11212	42.9149
6.19308	7.60052
6.27403	47.8107
6.35499	8.18305
6.43594	40.7409
6.5169	8.04745
6.59785	35.6335
6.67881	8.99465
6.75977	51.1019
6.84072	10.6491
6.92168	40.5167
7.00263	9.03665
7.08359	49.7751
7.16454	10.9732
7.2455	44.8569
7.32645	10.5396
7.40741	42.1286
7.48836	12.579
7.56932	53.6298
7.65027	9.96022
7.73123	57.5436
7.81218	7.23397
7.89314	49.2905
7.97409	12.9801
8.05505	50.9477
8.136	9.64022
8.21696	38.5819
8.29792	9.85929
8.37887	44.1902
8.45983	12.5382
8.54078	42.8662
8.62174	11.3651
8.70269	47.9886
8.78365	9.24237
8.8646	51.1878
8.94556	11.9615
9.02651	45.1296
9.10747	11.7867
9.18842	49.7084
9.26938	9.29306
9.35033	47.5546
9.43129	9.53716
9.51224	39.3349
9.5932	9.80107
9.67416	40.2194
9.75511	7.0658
9.83607	36.1425
9.91702	15.0359
9.99798	61.5962
10.0789	11.442
10.1599	52.2116
10.2408	11.5033
10.3218	45.579
10.4028	12.0013
10.4837	45.0802
10.5647	14.1249
10.6456	50.188
10.7266	7.04851
10.8075	52.5192
10.8885	9.45912
10.9694	43.4792
11.0504	9.4234
11.1313	42.6716
11.2123	6.80556
11.2933	49.0141
11.3742	11.3152
11.4552	56.6612
11.5361	6.21435
11.6171	43.3285
11.698	7.50787
11.779	37.9186
11.8599	8.57231
11.9409	57.1352
12.0219	9.79465
12.1028	48.0249
12.1838	9.50219
12.2647	41.3787
12.3457	8.91035
12.4266	45.6641
12.5076	8.21787
12.5885	55.9447
12.6695	9.59941
12.7505	48.7022
12.8314	11.9524
12.9124	47.802
12.9933	10.1282
13.0743	47.1651
13.1552	10.7872
13.2362	58.3739
13.3171	10.5728
13.3981	47.7502
13.4791	7.855
13.56	45.842
13.641	8.74792
13.7219	54.5804
13.8029	9.49225
13.8838	47.6166
13.9648	8.52529
14.0457	45.3704
14.1267	10.4341
14.2077	50.4453
14.2886	10.1923
14.3696	47.5432
14.4505	16.5756
14.5315	57.8473
14.6124	9.09152
14.6934	57.3025
14.7743	9.80618
14.8553	43.8157
14.9362	9.38627
15.0172	45.333
15.0982	9.38291
15.1791	55.3427
15.2601	13.6305
15.341	46.7346
15.422	9.49059
15.5029	50.314
15.5839	8.99465
15.6648	53.4162
15.7458	11.4214
15.8268	48.4142
15.9077	10.1812
15.9887	50.676
16.0696	9.89213
16.1506	35.9113
16.2315	15.0092
16.3125	47.4781
16.3934	9.47737
16.4744	56.981
16.5554	7.77375
16.6363	42.8049
16.7173	7.74794
16.7982	43.1292
16.8792	11.7388
16.9601	52.5788
17.0411	7.855
17.122	47.7649
17.203	13.2234
17.284	45.6315
17.3649	11.7017
17.4459	63.506
17.5268	9.45145
17.6078	43.1841
17.6887	10.5359
17.7697	48.7884
17.8506	13.3969
17.9316	37.8103
18.0125	10.621
18.0935	40.4133
18.1745	10.4829
18.2554	44.5377
18.3364	7.58801
18.4173	45.6344
18.4983	12.597
18.5792	46.1968
18.6602	13.9668
18.7411	50.5345
18.8221	9.79087
18.9031	41.2082
18.984	9.52215
19.065	51.0448
19.1459	9.163
19.2269	50.926
19.3078	9.69643
19.3888	41.5571
19.4697	9.54202
19.5507	43.6395
19.6317	7.24506
19.7126	34.4355
19.7936	6.52116
19.8745	32.8543
19.9555	6.45931
20.0364	21.479
20.1174	4.52732
20.1983	27.2497
20.2793	4.8596
20.3603	29.5907
20.4412	6.25585
20.5222	36.2106
20.6031	8.19446
20.6841	45.9705
20.765	7.35226
20.846	43.4634
20.9269	13.4015
21.0079	46.4827
21.0888	14.4217
21.1698	35.6931
21.2508	10.7117
21.3317	43.431
21.4127	10.5987
21.4936	46.5929
21.5746	9.46748
21.6555	34.3999
21.7365	8.01331
21.8174	41.6562
21.8984	10.2519
21.9794	41.7276
22.0603	9.44447
22.1413	58.7688
22.2222	15.1001
22.3032	45.1236
22.3841	10.1511
22.4651	48.2622
22.546	12.0917
22.627	44.5878
22.708	10.929
22.7889	52.6983
22.8699	5.87313
22.9508	41.5724
23.0318	12.0287
23.1127	46.1746
23.1937	7.36359
23.2746	46.2823
23.3556	9.15826
23.4366	57.7844
23.5175	4.62194
23.5985	46.6974
23.6794	12.4152
23.7604	50.786
23.8413	13.7566
23.9223	42.1468
24.0032	10.369
24.0842	48.2759
24.1651	10.2275
24.2461	49.681
24.3271	7.47016
24.408	46.0993
24.489	8.51928
24.5699	38.1727
24.6509	7.85082
24.7318	53.2
24.8128	6.91618
24.8937	55.6732
24.9747	9.23899
25.0557	45.7162
